(
XM_004989662.1:0.53112,
XM_002108894.1:0.11508,
XM_002109739.1:0.35028);
